date,cash,income,expenses
2024-01-01,120000,42000,38000
2024-02-01,124000,31000,27000
2024-03-01,128000,58000,54000
2024-04-01,132000,21000,17000
2024-05-01,136000,67000,63000
2024-06-01,140000,15000,11000
2024-07-01,144000,78000,74000
2024-08-01,148000,24000,20000
2024-09-01,152000,89000,85000
2024-10-01,156000,19000,15000
2024-11-01,160000,95000,91000
2024-12-01,164000,33000,29000
2025-01-01,168000,102000,98000
2025-02-01,172000,28000,24000
2025-03-01,176000,118000,114000
2025-04-01,180000,41000,37000
2025-05-01,184000,135000,131000
2025-06-01,188000,22000,18000
2025-07-01,192000,152000,148000
2025-08-01,196000,35000,31000
2025-09-01,200000,168000,164000
2025-10-01,204000,29000,25000
2025-11-01,208000,185000,181000
2025-12-01,212000,47000,43000