date,cash,income,expenses
2024-01-01,150000,25000,18000
2024-02-01,157000,26500,19500
2024-03-01,164000,24800,17800
2024-04-01,171000,28200,21200
2024-05-01,178200,29800,22600
2024-06-01,185400,31500,23400
2024-07-01,193500,33200,25200
2024-08-01,201500,32800,24800
2024-09-01,209500,35400,27400
2024-10-01,217500,37200,29200
2024-11-01,225300,34800,27000
2024-12-01,233100,38600,30600
2025-01-01,241100,41200,33200
2025-02-01,249100,39800,31800
2025-03-01,257100,43500,35500
2025-04-01,265100,45800,37800
2025-05-01,273200,44200,36200
2025-06-01,281200,48600,40600
2025-07-01,289200,52400,44400
2025-08-01,297000,50800,42800
2025-09-01,305000,55200,47200
2025-10-01,313000,58600,50600
2025-11-01,321000,56800,48800
2025-12-01,329000,62200,54200