date,cash,income,expenses
2024-01-01,30000,25000,22000
2024-02-01,33000,5000,2000
2024-03-01,36000,45000,42000
2024-04-01,39000,8000,5000
2024-05-01,42000,60000,57000
2024-06-01,45000,2000,-1000
2024-07-01,48000,75000,72000
2024-08-01,51000,12000,9000
2024-09-01,54000,90000,87000
2024-10-01,57000,3000,0
2024-11-01,60000,100000,97000
2024-12-01,63000,15000,12000
2025-01-01,66000,110000,107000
2025-02-01,69000,8000,5000
2025-03-01,72000,125000,122000
2025-04-01,75000,20000,17000
2025-05-01,78000,140000,137000
2025-06-01,81000,6000,3000
2025-07-01,84000,155000,152000
2025-08-01,87000,25000,22000
2025-09-01,90000,170000,167000
2025-10-01,93000,10000,7000
2025-11-01,96000,185000,182000
2025-12-01,99000,30000,27000