date,cash,income,expenses
2024-01-01,50000,15000,12000
2024-02-01,53000,8000,5000
2024-03-01,56000,22000,19000
2024-04-01,59000,28000,25000
2024-05-01,62000,12000,9000
2024-06-01,65000,35000,32000
2024-07-01,68000,45000,42000
2024-08-01,71000,38000,35000
2024-09-01,74000,18000,15000
2024-10-01,77000,25000,22000
2024-11-01,80000,10000,7000
2024-12-01,83000,32000,29000
2025-01-01,86000,16000,13000
2025-02-01,89000,9000,6000
2025-03-01,92000,25000,22000
2025-04-01,95000,31000,28000
2025-05-01,98000,14000,11000
2025-06-01,101000,38000,35000
2025-07-01,104000,48000,45000
2025-08-01,107000,41000,38000
2025-09-01,110000,21000,18000
2025-10-01,113000,28000,25000
2025-11-01,116000,12000,9000
2025-12-01,119000,35000,32000